[-0.1287251841517521, -0.17681514633746562, -0.21038205263510387, -0.21210420969201524]
[-0.13130527349583307, -0.17575395382064604, -0.2108823179253304, -0.2125156588945699]
[-0.13299290184739537, -0.17685804951352105, -0.2107004183342404, -0.2110675043288031]
[-0.12825734463706628, -0.18090618340113923, -0.20949515846919642, -0.21187864128539183]
[-0.13242745431374026, -0.17860193460527357, -0.21069138799550938, -0.21171043616631494]
[-0.13485671092342538, -0.17869711052746906, -0.20970969082467103, -0.21070452557827937]
[-0.1321017705697717, -0.18061267066789558, -0.2095854702825175, -0.21176123913879427]
[-0.12988277371107868, -0.1805126365096531, -0.20918291751599902, -0.21034155087627596]
[-0.1339546719514659, -0.176670208790948, -0.20659539255291604, -0.2075213069519855]
[-0.1264009984934644, -0.17588126876075166, -0.20990400181509547, -0.2110532770081061]
