[0.6100245844917386, 0.8099847704300839, 0.8393578760078291, 0.8397983599547293]
[0.6179048077688343, 0.8018150167066632, 0.8352259749824973, 0.8362683237086227]
[0.5815673979288322, 0.8033395047489555, 0.8397891871402535, 0.8399905573968629]
[0.5992563073216594, 0.8090137538259407, 0.8445964770996639, 0.8448386528912574]
[0.6239066881958023, 0.8083183128496297, 0.8442343397799335, 0.8463235292133905]
[0.6314578165194292, 0.8002905623879537, 0.8292825914819624, 0.829989700817864]
[0.6313862146087865, 0.8093750008430896, 0.8397765070731842, 0.8402276881404951]
[0.6099029772527697, 0.8066067938180629, 0.831667617671697, 0.831908478243568]
[0.6166816534267883, 0.80852474838835, 0.8448844023034555, 0.8453930618450036]
[0.6171224678647979, 0.8132039292020597, 0.8407530341107292, 0.8415413970466235]
