[0.9276683330535889, 0.09076738357543945, 0.016463279724121094, 0.004491567611694336]
[0.41335225105285645, 0.07523107528686523, 0.02503180503845215, 0.0042188167572021484]
[0.35497474670410156, 0.09852766990661621, 0.02728867530822754, 0.005431413650512695]
[0.30561327934265137, 0.08782601356506348, 0.015607118606567383, 0.006766796112060547]
[0.3902313709259033, 0.12787866592407227, 0.02178025245666504, 0.00455021858215332]
[0.4640688896179199, 0.06449341773986816, 0.21975207328796387, 0.0034575462341308594]
[0.30647850036621094, 0.07649636268615723, 0.014072895050048828, 0.0032660961151123047]
[0.38481783866882324, 0.12035298347473145, 0.016009807586669922, 0.0035216808319091797]
[0.3368260860443115, 0.06760334968566895, 0.01595473289489746, 0.0043337345123291016]
[0.421006441116333, 0.0863034725189209, 0.01564478874206543, 0.0042455196380615234]
